ip_ml_0_rawChain_unified = zeros(100,20);
ip_ml_0_rawChain_unified = [8.1610251707851234e+01 2.2265503533698805e+01 5.7510922616644322e+01 7.1994114458342651e+01 3.4286801780256582e+01 7.8743393622599100e+01 7.6934613770833593e+01 4.5387210689913360e+00 1.8391163429191337e+01 2.3554299971366532e+01 3.9450526922539098e+01 2.7306616171570397e+01 5.1997075957950756e+01 9.2424568859689060e+01 4.2601794682535044e+01 5.9393553928304144e+01 8.0394703450994953e+01 4.7624981464531402e+01 7.4765039851718029e+01 8.6264552914698811e+01 
3.5923510918573243e+01 1.1070924085283451e+01 4.3963306183152540e+01 7.9984017583484857e+01 8.7741316027234717e+01 7.1688211246242162e+01 9.6995906272337962e+01 4.8361824457690261e+01 9.8247335522647106e+01 3.4969533803548103e+01 5.0285800630512867e+01 5.7079509450119303e+00 9.3597528912025751e+01 3.1362918711074883e+00 5.7062872880463544e+01 5.5048481178146247e+01 5.1579443579681694e+01 2.7624956681313506e+01 2.1085789953733780e+01 1.6471414046948141e+01 
1.7951836950739875e+01 4.0775143550115445e+01 7.7804238244612733e+01 9.2634075154074225e+01 8.4488118284965452e+01 9.4568702888206246e+01 7.8408200192058786e+01 8.2153672244891851e+01 9.3630613707265553e+00 3.8537846154963162e+01 7.4551889955521489e+01 4.4730452613254812e+00 4.2165334471351557e+01 2.0066573722754910e+01 7.5909540111431539e+01 4.5663541041562894e-02 3.0910839101223075e+01 3.8238004864329156e+00 1.8442079631061858e+01 9.4453748229860324e+01 
4.4999131573360529e+01 1.0259122514702312e+01 5.8915906054185285e+01 3.0948470003379924e+01 1.4435758355571693e+01 4.8954611592209929e+01 4.3923115512672339e+01 3.5053130184030934e+01 3.1614352004467605e+01 1.2195201538991540e+01 7.4496464368220927e+01 1.7019497526851879e+01 1.9812884219131988e+01 5.6581195578451471e+01 8.8854462192806238e+00 8.8429355193314407e+01 9.5483951400948897e+01 2.3990320692618994e+01 6.8718541131179123e+01 9.2333955530179423e+01 
1.2345264146820156e+01 4.3356299553274980e+01 3.3681628195841640e+01 1.5458355881058594e+00 4.5553119569076017e+01 8.4627841218944866e+01 5.3543085706265714e+01 6.1832642272998939e+01 4.6244197564642775e+01 2.4614335330931780e+01 1.4910627878919414e+01 1.7759947963530820e+01 5.3655750512294631e+01 4.9544174625034287e+01 4.3176806188607486e+01 6.6193763874673550e+01 6.8527348290253087e+00 9.2057921980150326e+01 3.1861872312818207e+01 7.4614222211067727e+00 
3.1325949431904121e+01 6.1626262140245913e+01 4.0597152249969781e+01 6.8631229440249797e+00 8.3989401609752434e+00 7.2577222754933857e+01 4.2250366607177625e+01 8.9306678297709041e+01 4.0883199081744692e+01 1.6826615325317817e+01 2.3176251938951964e+01 8.2527608304553723e+01 2.2483184819243363e+01 6.7192226123524534e+01 7.6997656691457195e+01 4.5549885820046043e+01 2.4527026449082001e+00 5.0105213213218747e+01 9.6096778355146384e+01 1.5177154676179327e+01 
4.3496385368521473e+01 1.9443322857259560e+01 4.2219521647101743e+00 4.1646964539901177e+01 5.4272024956954112e+01 4.3188452446269565e+00 1.0283278870105050e+01 8.2289426568311086e+01 6.2347223776914262e+01 9.7964823546913848e+01 5.1070568720279752e+01 9.1252078654718360e+01 5.7774680920564236e+01 6.7169772133813055e+01 9.6959336457824818e+01 9.5248883127582573e+01 9.6357681036569787e+01 1.3941092100580832e+01 8.7799717110992148e+01 7.6991109471321195e+01 
9.2778637232427741e+01 8.6159019301824102e+01 6.5315895084482278e+01 8.1996188018700877e+01 2.5430602539270808e+01 9.2831846334309986e+01 7.4466689435755384e+01 7.3670319362266312e+01 2.3857656519329140e+00 3.2499244757011780e+01 9.2802992211002433e+01 3.7202156673679099e+00 4.6729815121402396e-01 5.9409159530537892e+01 7.7205886934847356e+01 1.5394778314525226e+01 7.1684586252768412e+00 7.3409063378854000e+00 3.9215627876143699e+01 3.4395542111277067e+01 
5.6011663053717697e+01 1.5050021275111902e+00 2.3560740271913971e+01 7.8266399569536915e+01 5.8340403702444732e+01 7.4833489718852064e+00 2.0353655988019881e+01 1.0844454312912788e+01 6.6070881374063006e+01 8.7694832715192561e+01 9.6436323401124824e+01 6.7494925597804567e+01 8.4093440354125448e+01 7.6092319136631303e+01 5.4022675955298638e+01 2.3256077538258069e+01 9.7079720384148160e+01 7.3492385012627537e+01 6.9892629182957933e+01 1.7846327234101267e+01 
7.5508177371872165e+01 2.9784171454650021e+01 4.7448164093568579e+01 7.2381572462377974e+01 5.1169153436692483e+00 5.9913228338863078e+01 7.7100319824995367e+01 2.6501087020356806e+00 8.6428953615559223e+01 6.9112102401709663e+01 9.4219842694300127e+01 7.5756745672063630e+01 9.2081184651006254e+01 8.7037823523019497e+01 9.5893680586687680e+01 5.6826713597870437e+01 8.8214265426192640e+01 9.3548932889000724e+01 1.5764231693258424e+01 9.3639913930047669e+00 
6.0887630051595565e+01 7.5351371459280614e+01 8.9854549503723291e+00 4.3651788565655281e+01 3.2989186731543185e+01 6.1647089192217308e+01 7.1284222737432046e+01 6.8141893620046901e+01 4.6847921484527788e+01 8.0780620053952035e+01 9.1818790261122984e+01 7.3283586767967179e+01 3.1207873091165084e+01 2.8248535029415223e+01 4.0938643586455115e+01 3.9895292613355338e+00 8.9502040893620460e+00 4.3317453282334384e+01 3.3470806529047437e+01 4.1015405534879790e+01 
9.9234344143387787e+01 4.0525531727714892e+01 8.9031513546590446e+00 8.5469119168885044e+01 1.4511934025897233e+01 2.3614606010132633e+01 1.7040949894478885e+01 6.0609611621019965e+01 1.1377486796352798e+01 4.8976387723786985e+00 4.2965431948864818e+00 3.4405754802907040e+01 5.8364662330731676e+00 5.1478615131132344e+01 8.8586264879809917e+01 8.4609111867997200e+01 9.1555971844987027e+01 7.7297132724599038e+00 8.1433443968911590e+01 3.5706964617993364e+01 
4.4248753732146540e+01 3.9272620499809463e+01 4.0400192256518963e+01 9.7009075632027120e+01 5.6227980635373598e+01 8.5921310187152500e+01 4.0618345157417934e+01 8.4649940023609815e+01 4.3383103817186708e+01 7.6814204341570047e+01 3.3883907106780242e+01 6.0913658565258544e+00 5.6560312812455749e+01 7.0127865961771718e+01 6.6465334967324097e+01 9.3198014401416884e+01 1.7362866240708641e+01 9.4721514759125114e+01 2.6661177700114891e+01 7.9462434136564752e+01 
4.2805067690906640e+01 7.8535611415055939e+00 7.6816745618377880e+01 2.3108821899536380e+01 8.0283503590793615e+01 7.3714814406233842e+01 1.4091818435782244e+01 9.8811012858293523e+01 4.3514812510746026e+01 1.0861203786377871e+01 7.9849873562802998e+01 3.1622417166807182e+01 3.0483641151754881e+01 1.9705593248202646e+01 1.9441881304834041e+01 5.0319231563689115e+01 2.7141531544197051e+01 9.5222485269621870e+01 5.4030878734168297e+01 1.2081070373212910e+01 
1.5364654219062501e+01 8.0941299187707827e+01 3.2013146003836823e+01 2.6017779820379516e+01 8.4258808652003836e+01 4.4125282551654621e+01 2.2317417747807156e+01 3.9453402413862904e+01 4.4505301600170455e+01 7.5123800627702764e+01 4.6138424494819219e+01 5.4299620709190677e+01 6.7452175528351788e+01 1.7429808452468976e+01 7.8105821584692592e+00 4.9198094601111464e+01 6.1819849342925437e+01 2.5587277111562656e+01 2.1279767837313557e+01 6.9367617184366637e+01 
2.4818912889465850e+01 7.5922641523514756e+01 7.7994751517330485e+00 7.1840955341651025e+01 6.1210742708978572e+01 9.1049420221749955e+01 5.7222453467151979e+01 4.2554176369997165e+01 9.7410292877647819e+01 5.4973458151155796e+01 1.7751102047884970e+01 3.1052035399196853e+01 5.8538019075782444e+01 2.9942113771532775e-01 1.8352149870455747e+01 4.0401518622259758e+01 9.0011638037093888e+01 1.4803897547635358e+01 3.0529891380123431e+01 3.2735403898034576e+01 
7.9331540098517905e+01 3.2180711408647156e+01 9.8826485612448423e+01 3.0238017294599473e+01 4.6714515374269183e+00 9.3325289916492693e-01 8.2392704329145516e+01 2.8045402843538625e+01 4.4129231138597902e+01 7.8295026690560476e+01 3.2906854766975968e+01 7.0587796589269303e+01 5.8209075980107272e+01 7.0963308307026196e+01 7.9199970082206050e+01 8.2040480748685241e+01 3.4684272767741220e+01 6.6822238670187772e+01 7.9047219706246352e+01 6.1974929901852960e+01 
