ip_ml_0_rawChain_unified = zeros(100,2);
ip_ml_0_rawChain_unified = [7.7253839187168438e+00 6.9695184840895408e+01 
7.3105293422847240e+01 2.0803354311999200e+01 
6.9579613482601843e+01 9.2245338240261532e+01 
8.1182205340495628e+01 4.2880846897097413e+01 
7.5539347597830186e+01 3.8802567939372068e+01 
3.5951502194417984e+01 8.3962976554751734e+01 
3.8363275981355471e+01 9.5021695114479243e+01 
5.5128919777760643e+01 3.2231721979254502e+01 
2.8353164418769339e+01 3.6422407523961908e+01 
4.7500880760003739e+01 7.6672652375974693e+01 
3.8963475205681419e+01 3.2285466419178732e+00 
8.8058179358928612e+01 1.6781756052312602e+01 
5.7719787193341787e+01 9.3582111441631355e+01 
9.3321009579993586e+01 1.2680485967844390e+01 
4.5410926305329724e+01 1.9357505956262244e+01 
2.0081171307706214e+01 5.4061162240267890e+01 
9.3871560477552407e+01 7.0451750279687531e-02 
4.1859837258524024e+01 3.6640288372568719e+01 
9.9075680604094174e+01 2.3403733998731013e+01 
7.1504162211666866e+01 2.4889198583502292e+01 
2.9374993912664138e+01 6.8823266734182553e+01 
2.7462149636884803e+01 7.7890938660568310e+01 
5.3721541027926634e+01 7.8867127397678871e+00 
3.1722451724968437e+01 3.0148747463622527e+01 
7.0332761064229032e+00 7.1903203454681375e+00 
4.1435720238526841e+01 2.2856543925064443e+01 
5.8091305737396226e+01 2.9362784769011796e+01 
7.4100883852618793e+01 2.8312993808676623e+01 
1.7793551542714070e+01 5.1716773986567688e+01 
3.7580069018832774e+01 7.6677094722753836e+01 
1.3372867410987865e+01 5.2173169468890634e+01 
7.9937011594952168e+01 3.8447843202845178e+01 
1.9098109651693917e+01 2.6580018220755619e+01 
2.2181209977505034e+01 1.4041095350760813e+01 
1.6987969564903338e+01 7.5408670377086295e+01 
3.3146409545294375e+01 1.0797067215337819e+01 
2.0448532567423783e+01 7.6323849667157262e+01 
8.4954188121595919e+01 7.9617819091504671e+01 
2.8774441147025343e+01 7.5634833483114505e+01 
5.0953034948051368e+00 8.4130268650677209e+01 
7.2736975425351602e+01 3.2060078685563553e+01 
5.7411175739906639e+01 6.2267667241484403e+01 
5.7883377776409617e+00 3.0481902247944248e+01 
7.3512377227982029e+01 5.9158807229509947e+01 
8.7845736717269673e+01 9.7986886533884743e+01 
1.9165458422692438e+01 8.9915564760673661e+01 
7.0239448938155391e+01 4.6716885627726512e+01 
4.5516188449533246e+01 4.4538047923996515e+01 
7.5756380344504493e+01 7.2267749266413972e+01 
8.5364667442564723e+01 6.9630718292476956e+01 
2.8529878147068644e+01 3.1043548976771262e+01 
9.9685025732480170e+00 9.0762912558579600e+01 
2.5907103458574099e+01 6.8284006070055980e+01 
1.3264804233548944e+01 7.5161928706557646e+01 
4.2129393066602105e+01 4.4615792842794733e+01 
6.3662163477886224e+01 1.7466963548410419e+01 
7.4177910055502139e+01 6.8562963135102351e+01 
6.7950178840393249e+01 6.3988577305311267e+01 
4.4348533391769962e+01 5.3319936752357222e+01 
3.4395547095958534e+01 9.5504986146089266e+01 
4.2638469465326168e+01 5.9138415235285180e+00 
8.9536511533363949e+01 2.0372221615355457e+01 
5.7815368675367296e+00 6.8243808492642088e+01 
7.4449249793036643e+01 2.2883381640633260e+01 
8.9527968657754897e+01 7.5966592224509455e+01 
3.5012523511837657e+01 8.6254901107484017e+00 
1.3637957986428972e+01 2.1808321223727845e+01 
1.0938111158299435e+01 7.2788424374213534e+01 
6.9820482487332569e+01 9.1321959943410036e+01 
3.4326367101257560e+01 9.5915188957174990e+01 
7.5450494967438786e+01 5.6250573659630021e+01 
2.9080799580566108e+01 9.5627423520383203e+01 
1.0029338734731752e+01 8.7034666733830690e+01 
4.3490669095898937e+00 3.2772839641399543e+01 
6.8607297724101102e+01 8.0974136252486417e+01 
5.9698676873389900e+01 9.0782377802536374e+01 
6.3805073914917543e+01 2.3498134187594388e+01 
2.2114957767794863e+01 4.2886475176121408e+01 
3.8772301395130881e+01 7.0721670321141872e+01 
5.4895942934798114e+01 1.2898908415177956e+01 
6.6062436673678349e+01 4.5822859709748442e+01 
7.3861635531159919e+01 3.7271095220735972e+01 
7.9539350870934555e+01 2.3364639805739174e+01 
8.0053167495484701e+01 5.3405276943306390e+01 
7.7140290361188235e+01 3.4786030698156267e+01 
7.2128070732313887e+01 9.5855108362124852e+01 
3.6529000229499431e+01 5.1806743952102252e+01 
8.1972300817349009e+01 1.7054026995187499e+01 
7.7348125709347570e+01 7.2727639988845993e+01 
3.5694135696151719e+01 7.7087495634003744e+00 
7.3103132724553177e+01 8.9190515697113071e+01 
5.0842578931924010e+01 7.2014690474076559e+01 
9.4026116605724752e+01 9.0180890852164453e+01 
5.5696485795669659e+01 2.4508393269657702e+01 
9.2361219710404541e+01 7.2709790924977113e+01 
7.2329749011881717e+00 1.7373973399614329e+00 
1.6103534189703694e+01 4.6119755435115550e+01 
1.9039972474705991e+01 2.7148740910416080e+01 
9.9250780640649694e+01 9.9726472155351331e+01 
4.3270555940126343e+01 4.1394314261779641e+01 
];
ip_ml_0_rawLogLikelihood_unified = zeros(100,1);
ip_ml_0_rawLogLikelihood_unified = [-nan
-nan
-nan
-nan
-nan
-nan
-nan
-nan
-nan
-nan
-nan
-nan
-nan
-nan
-nan
-nan
-nan
-nan
-nan
-nan
-nan
-nan
-nan
-nan
-214.401
-nan
-nan
-nan
-nan
-nan
-nan
-nan
-nan
-nan
-nan
-nan
-nan
-nan
-nan
-nan
-nan
-nan
-nan
-nan
-nan
-nan
-nan
-nan
-nan
-nan
-nan
-nan
-nan
-nan
-nan
-nan
-nan
-nan
-nan
-nan
-nan
-nan
-nan
-nan
-nan
-22.7649
-nan
-nan
-nan
-nan
-nan
-nan
-nan
-nan
-nan
-nan
-nan
-nan
-nan
-nan
-nan
-nan
-nan
-nan
-nan
-nan
-nan
-nan
-nan
-286.079
-nan
-nan
-nan
-nan
-nan
-56.9638
-nan
-nan
-nan
-nan
];
ip_ml_0_rawLogTarget_unified = zeros(100,1);
ip_ml_0_rawLogTarget_unified = [-nan
-nan
-nan
-nan
-nan
-nan
-nan
-nan
-nan
-nan
-nan
-nan
-nan
-nan
-nan
-nan
-nan
-nan
-nan
-nan
-nan
-nan
-nan
-nan
-223.611
-nan
-nan
-nan
-nan
-nan
-nan
-nan
-nan
-nan
-nan
-nan
-nan
-nan
-nan
-nan
-nan
-nan
-nan
-nan
-nan
-nan
-nan
-nan
-nan
-nan
-nan
-nan
-nan
-nan
-nan
-nan
-nan
-nan
-nan
-nan
-nan
-nan
-nan
-nan
-nan
-31.9752
-nan
-nan
-nan
-nan
-nan
-nan
-nan
-nan
-nan
-nan
-nan
-nan
-nan
-nan
-nan
-nan
-nan
-nan
-nan
-nan
-nan
-nan
-nan
-295.289
-nan
-nan
-nan
-nan
-nan
-66.1741
-nan
-nan
-nan
-nan
];
ip_ml_0_rawChain_unified = zeros(100,2);
