ip_ml_0_rawChain_unified = zeros(1000,2);
ip_ml_0_rawChain_unified = [-4.6502077689411472e+00 2.1664703324984949e+00 
2.5415822765131963e+00 -3.2116310256800880e+00 
2.1537574830862027e+00 4.6469872064287685e+00 
3.4300425874545191e+00 -7.8310684131928454e-01 
2.8093282357613205e+00 -1.2317175266690725e+00 
-1.5453347586140218e+00 3.7359274210226907e+00 
-1.2800396420508982e+00 4.9523864625927168e+00 
5.6418117555367076e-01 -1.9545105822820048e+00 
-2.3811519139353727e+00 -1.4935351723641901e+00 
-2.7490311639958875e-01 2.9339917613572162e+00 
-1.2140177273750439e+00 -5.1448598693890339e+00 
4.1863997294821473e+00 -3.6540068342456138e+00 
8.4917659126759659e-01 4.7940322585794490e+00 
4.7653110537992944e+00 -4.1051465435371171e+00 
-5.0479810641373035e-01 -3.3706743448111531e+00 
-3.2910711561523165e+00 4.4672784642946795e-01 
4.8258716525307648e+00 -5.4922503074692344e+00 
-8.9541790156235734e-01 -1.4695682790174409e+00 
5.3983248664503591e+00 -2.9255892601395885e+00 
2.3654578432833553e+00 -2.7621881558147479e+00 
-2.2687506696069448e+00 2.0705593407600809e+00 
-2.4791635399426717e+00 3.0680032526625141e+00 
4.0936951307192970e-01 -4.6324615986255324e+00 
-2.0105303102534720e+00 -2.1836377790015220e+00 
-4.7263396282934806e+00 -4.7090647619985049e+00 
-9.4207077376204751e-01 -2.9857801682429113e+00 
8.9004363111358487e-01 -2.2700936754087024e+00 
2.6510972237880672e+00 -2.3855706810455715e+00 
-3.5427093303014523e+00 1.8884513852244567e-01 
-1.3661924079283949e+00 2.9344804195029219e+00 
-4.0289845847913348e+00 2.3904864157796979e-01 
3.2930712754447384e+00 -1.2707372476870304e+00 
-3.3992079383136691e+00 -2.5761979957168819e+00 
-3.0600669024744462e+00 -3.9554795114163106e+00 
-3.6313233478606328e+00 2.7949537414794925e+00 
-1.8538949500176187e+00 -4.3123226063128399e+00 
-3.2506614175833839e+00 2.8956234633872988e+00 
3.8449606933755511e+00 3.2579601000655138e+00 
-2.3348114738272123e+00 2.8198316831425956e+00 
-4.9395166155714350e+00 3.7543295515744930e+00 
2.5010672967886762e+00 -1.9733913445880091e+00 
8.1522933138973031e-01 1.3494433965632844e+00 
-4.8632828444594942e+00 -2.1469907527261327e+00 
2.5863614950780232e+00 1.0074687952460941e+00 
4.1630310388996641e+00 5.2785575187273217e+00 
-3.3917995735038318e+00 4.3907121236741027e+00 
2.2263393831970930e+00 -3.6114258095008367e-01 
-4.9321927055134296e-01 -6.0081472836038330e-01 
2.8332018378954942e+00 2.4494524193055369e+00 
3.8901134186821196e+00 2.1593790121724652e+00 
-2.3617134038224492e+00 -2.0852096125551611e+00 
-4.4034647169427181e+00 4.4839203814437560e+00 
-2.6502186195568491e+00 2.0112406677061578e+00 
-4.0408715343096162e+00 2.7678121577213410e+00 
-8.6576676267376840e-01 -5.9226278729257942e-01 
1.5028379825674847e+00 -3.5786340096748539e+00 
2.6595701061052353e+00 2.0419259448612586e+00 
1.9745196724432574e+00 1.5387435035842394e+00 
-6.2166132690530418e-01 3.6519304275929443e-01 
-1.7164898194445612e+00 5.0055484760698192e+00 
-8.0976835881412157e-01 -4.8494774324118630e+00 
4.3490162686700344e+00 -3.2590556223108997e+00 
-4.8640309445709597e+00 2.0068189341906297e+00 
2.6894174772340307e+00 -2.9828280195303414e+00 
4.3480765523530387e+00 2.8563251446960400e+00 
-1.6486224136978578e+00 -4.5511960878176758e+00 
-3.9998246214928130e+00 -3.1010846653899371e+00 
-4.2968077725870621e+00 2.5067266811634887e+00 
2.1802530736065826e+00 4.5454155937751040e+00 
-1.7240996188616684e+00 5.0506707852892490e+00 
2.7995544464182665e+00 6.8756310255930231e-01 
-2.3011120461377281e+00 5.0190165872421524e+00 
-4.3967727391795073e+00 4.0738133407213759e+00 
-5.0216026399451117e+00 -1.8949876394460503e+00 
2.0468027496511212e+00 3.4071549877735059e+00 
1.0668544560728890e+00 4.4860615582790011e+00 
1.5185581306409297e+00 -2.9152052393646173e+00 
-3.0673546455425651e+00 -7.8248773062664512e-01 
-1.2350468465356030e+00 2.2793837353256059e+00 
5.3855372282779257e-01 -4.0811200743304248e+00 
1.7668680341046183e+00 -4.5948543192767133e-01 
2.6247799084275911e+00 -1.4001795257190430e+00 
3.2493285958028011e+00 -2.9298896213686909e+00 
3.3058484245033171e+00 3.7458046376370291e-01 
2.9854319397307059e+00 -1.6735366232028106e+00 
2.4340877805545276e+00 5.0440619198337338e+00 
-1.4818099747550626e+00 1.9874183473124774e-01 
3.5169530899083910e+00 -3.6240570305293751e+00 
3.0082938280282328e+00 2.5000403987730593e+00 
-1.5736450734233109e+00 -4.6520375480259588e+00 
2.5413445997008495e+00 4.3109567266824378e+00 
9.2683682511641052e-02 2.4216159521484215e+00 
4.8428728266297227e+00 4.4198979937380898e+00 
6.2661343752366250e-01 -2.8040767403376528e+00 
4.6597341681444995e+00 2.4980770017474825e+00 
-4.7043727608693011e+00 -5.3088862926042424e+00 
-3.7286112391325936e+00 -4.2682690213728947e-01 
-3.4056030277823410e+00 -2.5136384998542312e+00 
5.4175858704714663e+00 5.4699119370886464e+00 
-7.4023884658610228e-01 -9.4662543120423948e-01 
4.2514130054433501e+00 -4.0273071980862980e+00 
-2.1982341238937160e+00 -3.9961916921374687e+00 
2.3062014896612411e+00 -2.9622949522236546e+00 
3.1233736644732595e+00 -8.5158046070594295e-01 
2.8421539851740079e+00 3.8533238635633822e+00 
1.1912352560123729e+00 3.9422086247171322e+00 
1.4602088791680536e+00 -1.1265305547616045e+00 
3.7692535428145248e+00 5.3776238267472714e+00 
-1.5714807242326643e+00 -1.8174263253058704e+00 
3.9829584612786419e+00 1.3248732203106819e+00 
1.3154497383999697e+00 -3.5079672806239373e+00 
3.5411880542848380e+00 -6.5797165096556043e-01 
1.1652848277897405e+00 -1.7059648490130250e+00 
-4.7299902967466849e+00 -8.0113601022803493e-01 
3.4855064731887637e+00 -3.0859438069852665e+00 
-1.4301143660359728e+00 5.4712426661428850e+00 
1.1319908237799687e+00 -8.8073675196581291e-01 
-2.0450015740889498e+00 3.7639933136024943e+00 
2.2836481715404560e+00 9.1846876858135218e-01 
2.1235700559822348e+00 -2.4569447061574543e+00 
5.2926360169006017e+00 -3.7260864649344541e+00 
3.8312423810177876e-01 -2.4740887035559993e+00 
4.7513594881635903e+00 -8.1288404897797406e-01 
5.0061482702814288e+00 -1.7013147602478682e+00 
4.6635007886158704e+00 -3.6668134795143743e+00 
3.3086587345851086e+00 -1.8569016369442082e+00 
-1.8958725601844506e-01 -5.2623435990348710e+00 
4.8598336954704919e+00 -7.8564604140801464e-02 
-1.4789604234559661e-01 -2.9262445191937658e+00 
-2.2504887349036373e+00 4.7311631197686950e+00 
3.0754269525968532e+00 -4.7810374614286211e+00 
2.0583427849907281e+00 4.4009978684686608e+00 
3.5968815724970185e+00 5.4143369895829672e+00 
-4.5046227208768208e+00 -5.0692050199207550e+00 
-5.0873265419677480e+00 -2.1715465742604856e+00 
4.8717826007634244e+00 3.6538831314037381e+00 
3.2007928898139362e+00 4.4480361737466474e+00 
4.8277369709788438e+00 -4.9252376476373385e+00 
-4.8739813101587828e+00 -5.1777566731459856e+00 
1.6167786221511129e+00 -3.0300003462372551e+00 
3.7754290896241827e+00 -4.8782596904928681e+00 
-5.0402464336190036e+00 4.3690412240877556e+00 
4.3333650201280776e+00 -3.1222684998296657e+00 
-1.8094052017238376e+00 3.9251760270279092e+00 
-2.3296677235530687e+00 -3.7658283099225720e+00 
-2.3548254194417026e+00 3.1119632055515289e+00 
-9.5891132060945239e-01 -5.8706008529813403e-01 
1.8852011674789892e-01 4.9264842108431672e+00 
-3.5855356418677751e+00 3.7812994690841961e+00 
-5.0862971069917222e+00 5.2394579193996691e+00 
-1.2472931623713848e+00 -3.6316397626168104e+00 
1.8474271089081569e+00 -4.3472997844973342e+00 
1.2916056859330318e+00 -3.1684900030777463e+00 
-4.5963851874708794e-01 -5.4308313751768367e+00 
-2.7326167533030734e+00 9.8463992905306341e-01 
1.1508249035955167e+00 -2.0616024347506858e+00 
8.6986692862845061e-01 -5.2615805265148232e+00 
-7.9227104258406200e-01 4.3525575566776453e+00 
-4.5227144808965924e+00 -1.0390760323790040e+00 
5.0500601818036728e-01 4.7384101793990041e-01 
1.0795825829892181e+00 4.4972580058875344e+00 
-5.1769129851196887e+00 -4.4946407663751771e+00 
3.5024238381330264e-01 1.7520654335820076e+00 
-1.7910389480120088e+00 4.6899960453885434e+00 
3.6079834295963948e+00 1.3459535678708257e+00 
