ip_ml_0_rawChain_unified = zeros(100,20);
ip_ml_0_rawChain_unified = [7.7253839187168438e+00 6.9695184840895408e+01 7.3105293422847240e+01 2.0803354311999200e+01 6.9579613482601843e+01 9.2245338240261532e+01 8.1182205340495628e+01 4.2880846897097413e+01 7.5539347597830186e+01 3.8802567939372068e+01 3.5951502194417984e+01 8.3962976554751734e+01 3.8363275981355471e+01 9.5021695114479243e+01 5.5128919777760643e+01 3.2231721979254502e+01 2.8353164418769339e+01 3.6422407523961908e+01 4.7500880760003739e+01 7.6672652375974693e+01 
3.8963475205681419e+01 3.2285466419178732e+00 8.8058179358928612e+01 1.6781756052312602e+01 5.7719787193341787e+01 9.3582111441631355e+01 9.3321009579993586e+01 1.2680485967844390e+01 4.5410926305329724e+01 1.9357505956262244e+01 2.0081171307706214e+01 5.4061162240267890e+01 9.3871560477552407e+01 7.0451750279687531e-02 4.1859837258524024e+01 3.6640288372568719e+01 9.9075680604094174e+01 2.3403733998731013e+01 7.1504162211666866e+01 2.4889198583502292e+01 
2.9374993912664138e+01 6.8823266734182553e+01 2.7462149636884803e+01 7.7890938660568310e+01 5.3721541027926634e+01 7.8867127397678871e+00 3.1722451724968437e+01 3.0148747463622527e+01 7.0332761064229032e+00 7.1903203454681375e+00 4.1435720238526841e+01 2.2856543925064443e+01 5.8091305737396226e+01 2.9362784769011796e+01 7.4100883852618793e+01 2.8312993808676623e+01 1.7793551542714070e+01 5.1716773986567688e+01 3.7580069018832774e+01 7.6677094722753836e+01 
1.3372867410987865e+01 5.2173169468890634e+01 7.9937011594952168e+01 3.8447843202845178e+01 1.9098109651693917e+01 2.6580018220755619e+01 2.2181209977505034e+01 1.4041095350760813e+01 1.6987969564903338e+01 7.5408670377086295e+01 3.3146409545294375e+01 1.0797067215337819e+01 2.0448532567423783e+01 7.6323849667157262e+01 8.4954188121595919e+01 7.9617819091504671e+01 2.8774441147025343e+01 7.5634833483114505e+01 5.0953034948051368e+00 8.4130268650677209e+01 
7.2736975425351602e+01 3.2060078685563553e+01 5.7411175739906639e+01 6.2267667241484403e+01 5.7883377776409617e+00 3.0481902247944248e+01 7.3512377227982029e+01 5.9158807229509947e+01 8.7845736717269673e+01 9.7986886533884743e+01 1.9165458422692438e+01 8.9915564760673661e+01 7.0239448938155391e+01 4.6716885627726512e+01 4.5516188449533246e+01 4.4538047923996515e+01 7.5756380344504493e+01 7.2267749266413972e+01 8.5364667442564723e+01 6.9630718292476956e+01 
2.8529878147068644e+01 3.1043548976771262e+01 9.9685025732480170e+00 9.0762912558579600e+01 2.5907103458574099e+01 6.8284006070055980e+01 1.3264804233548944e+01 7.5161928706557646e+01 4.2129393066602105e+01 4.4615792842794733e+01 6.3662163477886224e+01 1.7466963548410419e+01 7.4177910055502139e+01 6.8562963135102351e+01 6.7950178840393249e+01 6.3988577305311267e+01 4.4348533391769962e+01 5.3319936752357222e+01 3.4395547095958534e+01 9.5504986146089266e+01 
4.2638469465326168e+01 5.9138415235285180e+00 8.9536511533363949e+01 2.0372221615355457e+01 5.7815368675367296e+00 6.8243808492642088e+01 7.4449249793036643e+01 2.2883381640633260e+01 8.9527968657754897e+01 7.5966592224509455e+01 3.5012523511837657e+01 8.6254901107484017e+00 1.3637957986428972e+01 2.1808321223727845e+01 1.0938111158299435e+01 7.2788424374213534e+01 6.9820482487332569e+01 9.1321959943410036e+01 3.4326367101257560e+01 9.5915188957174990e+01 
7.5450494967438786e+01 5.6250573659630021e+01 2.9080799580566108e+01 9.5627423520383203e+01 1.0029338734731752e+01 8.7034666733830690e+01 4.3490669095898937e+00 3.2772839641399543e+01 6.8607297724101102e+01 8.0974136252486417e+01 5.9698676873389900e+01 9.0782377802536374e+01 6.3805073914917543e+01 2.3498134187594388e+01 2.2114957767794863e+01 4.2886475176121408e+01 3.8772301395130881e+01 7.0721670321141872e+01 5.4895942934798114e+01 1.2898908415177956e+01 
6.6062436673678349e+01 4.5822859709748442e+01 7.3861635531159919e+01 3.7271095220735972e+01 7.9539350870934555e+01 2.3364639805739174e+01 8.0053167495484701e+01 5.3405276943306390e+01 7.7140290361188235e+01 3.4786030698156267e+01 7.2128070732313887e+01 9.5855108362124852e+01 3.6529000229499431e+01 5.1806743952102252e+01 8.1972300817349009e+01 1.7054026995187499e+01 7.7348125709347570e+01 7.2727639988845993e+01 3.5694135696151719e+01 7.7087495634003744e+00 
7.3103132724553177e+01 8.9190515697113071e+01 5.0842578931924010e+01 7.2014690474076559e+01 9.4026116605724752e+01 9.0180890852164453e+01 5.5696485795669659e+01 2.4508393269657702e+01 9.2361219710404541e+01 7.2709790924977113e+01 7.2329749011881717e+00 1.7373973399614329e+00 1.6103534189703694e+01 4.6119755435115550e+01 1.9039972474705991e+01 2.7148740910416080e+01 9.9250780640649694e+01 9.9726472155351331e+01 4.3270555940126343e+01 4.1394314261779641e+01 
8.8649209140394092e+01 1.3388116381033655e+01 3.0016053419148037e+01 1.3670984616932103e+01 7.0965468087829464e+01 2.3070045888875867e+01 7.8394306040665995e+01 4.2258359448127791e+01 7.5837763501581890e+01 8.5030216941485293e+01 6.0829411418294299e+01 8.5838260224701202e+01 6.3274626174255033e+01 3.9758813138530869e+01 8.4265941298313862e+01 9.8887489334066103e+01 3.5713811597884870e+01 3.3477942497219360e+01 8.6208713284351290e+01 6.2044302002824381e+01 
6.1958633985454270e+01 1.8109388357964207e+01 8.2192618675316709e+01 4.4018439536676723e+01 6.0593498434452187e+01 3.4491228645336136e+01 7.0000882113937735e+00 4.2716945361563319e+01 8.1686422483534216e+01 2.1945965391043032e+01 3.6998960308763884e+01 9.9738569692208046e+01 6.0290825670726989e+01 4.1993302254856246e+01 3.1409076599191366e+01 8.4218121032749949e+01 7.0760437923095054e+01 5.8349716078012293e+01 6.9305182327111226e+01 2.7664139034932234e+01 
9.8114872880914561e+01 1.6126486682414054e+01 5.3482947619107080e+01 2.7508284513127279e+01 9.3194177165123548e+01 4.2610145009291145e+01 9.5510438820740262e+01 3.4533502179564834e+01 9.2395461714689731e+01 1.6665332004414779e+01 8.0078715768955533e+01 3.3119076027779926e+01 4.8276479490741409e+01 2.1605127360466270e+00 9.4180306322459018e+01 4.9285776325992714e+01 4.8655490524130940e+01 2.3397777098238492e+01 2.9541011500876024e+01 9.3010573816079045e+01 
7.7958426841789574e+01 6.5360230779216266e+00 6.8712207136279346e+01 9.0009071531533280e+01 8.2698923386336531e+01 9.9221245359845156e+01 9.0488843556652654e+00 3.9163180007204090e+00 3.7515768912022907e+00 3.0258667506722858e+01 9.4288932734212949e+01 8.3217119376397619e+01 7.9098117180126692e+01 9.0436692488605885e+01 9.3888517917989489e+01 5.2251122942060135e+00 5.6910789985565202e+00 2.9294847895819487e+00 6.4697987474101026e+01 2.2454542306934044e+01 
8.4322082632947115e+01 5.6521846318830171e+00 4.1795778761908764e+00 8.9718556582615960e+01 8.9394227455709796e+01 2.1615740910639403e+01 3.3550861802510568e+01 8.5683418427526448e+01 2.8821202513153921e+01 1.5765197182522073e+01 2.8592496186893612e+01 7.8290574595922990e+01 4.1282624358095887e+01 4.4663090133653327e+01 5.1713819243162717e+01 9.4786220098574248e+01 1.7404221437565681e+01 8.4375449718947237e+01 3.7609353909843435e+00 9.7631435630906083e+01 
3.8660971251169229e+01 1.6985093067119905e+01 6.6794791899165062e+01 1.0479092868206052e+01 6.1741869872118471e+01 2.1195545426565943e+01 4.5821468011390110e+01 6.2880568021057570e-01 2.5158029515426605e+01 5.8951272082300576e+01 6.0462044578141061e+01 3.1258159684084674e+01 5.7907881169349551e+01 2.1674497589561526e+00 4.2797535976508527e+01 8.9568705060705867e+01 8.8844138100309777e+00 4.0553854251099963e+01 5.4590963801639703e+01 5.4307645617635458e+01 
5.9814387118083800e+01 9.0884163689886677e+01 2.9371546807301030e+00 9.1396293965892994e+00 5.3184021671030024e+01 6.5927867578018251e+01 3.3717827745345375e+01 9.2636327685350395e+01 8.2799849359967226e+01 6.2235941526098415e+01 2.5016330522864649e+01 2.1592436694261252e+01 3.5018430533412825e+01 2.4105561132353515e+01 9.2460043688116045e+01 8.0472976909891969e+01 1.5423801393465553e+01 3.2315992444839026e+01 3.4133041466083114e+01 6.7554291870814254e+01 
