ip_logLike_unified = zeros(5000,1);
ip_logLike_unified = [21.97
45.5677
46.7179
48.0708
48.0708
48.4471
57.9052
58.5124
58.5124
65.9092
65.0352
71.0677
72.2868
72.325
72.506
70.3932
78.5858
79.3196
80.4721
80.6199
80.6389
79.554
78.8563
80.6154
80.657
80.5335
77.1509
79.1158
79.9812
79.142
79.281
80.5932
80.064
80.3617
77.9019
79.3685
79.7531
79.2014
79.4693
79.5074
80.3204
80.4967
79.503
79.806
79.1775
80.486
80.534
79.9333
80.6723
80.6969
79.9921
79.9989
80.3606
80.6875
80.205
76.6384
79.4956
80.6646
80.3768
80.2267
79.5246
79.5708
80.3073
80.6336
77.953
79.1961
80.3883
80.7019
79.1671
78.0541
78.7892
80.1809
79.6179
79.8213
78.401
79.7067
79.7851
79.0356
79.7472
79.0332
80.2404
78.5859
80.2379
80.1929
78.8376
79.8579
80.5613
79.4509
78.1412
79.4412
78.59
80.046
80.6612
80.208
80.1175
80.6772
80.1089
78.5403
76.6137
79.6803
79.3846
79.4603
77.8929
77.2666
80.5914
79.8598
79.2699
80.6852
80.2116
80.1427
80.6257
79.8185
80.2264
80.0101
79.9686
79.7366
80.1519
79.3357
80.4577
80.3609
79.7613
80.6881
79.6302
77.4339
79.5158
79.7073
80.6324
77.9035
80.2162
80.5811
80.2787
80.0415
78.9994
78.2305
78.0045
79.7019
80.5901
76.4527
79.7483
80.1171
78.3165
79.1422
77.5148
79.9511
79.8197
80.7031
79.5856
79.2959
77.2198
76.3521
79.4339
78.6623
79.8425
79.7312
79.5076
79.8913
80.1226
80.6706
78.8299
80.1277
79.3242
78.8803
78.7606
79.7511
79.7021
78.6446
79.9765
78.8009
80.5916
79.8936
80.5094
79.617
79.9457
80.6759
79.491
79.9722
78.8353
80.3915
78.8435
79.4501
80.3706
79.798
78.0754
77.6894
79.8605
80.0034
77.2568
79.917
79.3725
78.8947
79.189
79.0808
78.9788
79.0435
80.3319
78.0519
79.4227
78.9475
80.0462
80.4129
79.7289
80.2986
80.4543
80.6365
78.5369
78.8198
77.0943
79.1906
80.074
79.9478
79.1656
79.2149
80.2142
79.1363
79.7286
80.4653
79.0518
77.3393
79.7404
79.0438
75.4793
80.5617
78.7747
79.5891
80.5969
79.9709
80.7006
79.9696
78.6613
79.7795
79.9297
80.2775
79.2342
80.5237
78.2265
80.513
80.433
80.072
80.1966
79.9945
79.3744
80.2253
80.3533
80.5125
80.6096
80.5002
78.1575
80.5835
80.53
77.7456
79.5481
79.8492
80.3529
80.5711
79.806
80.0607
77.5478
80.1141
80.3059
80.704
80.542
79.8755
78.2601
80.6161
80.6498
80.7021
80.494
80.2603
80.5818
80.5757
79.4526
80.1658
79.844
80.383
80.6312
80.4224
79.504
80.2947
79.9169
79.5144
80.0185
80.5261
80.422
76.9879
79.1203
80.5675
78.2697
80.3635
80.6056
78.4651
80.3612
80.0943
77.1523
79.6016
79.634
79.6604
80.5427
80.6665
80.2596
80.2912
80.4916
79.9855
79.4464
78.8762
79.3232
80.398
77.6996
79.6695
79.014
80.3261
77.5265
78.9821
79.2363
80.6383
79.3424
80.5085
80.3136
79.5058
80.6061
76.0645
79.8744
80.5672
80.6969
78.9773
79.2422
80.2181
80.5434
80.3479
80.2533
79.8309
80.4603
79.4716
78.75
79.9163
80.3415
80.5015
80.5874
77.8514
79.8062
79.9425
80.6583
80.6693
80.3868
80.5169
80.6156
80.5751
80.0728
79.7488
79.9316
77.6579
78.8439
80.3167
79.9077
80.4507
79.1121
80.2837
78.517
79.4869
79.0015
79.0821
80.5883
77.9477
80.0831
78.6994
79.6416
78.6894
80.5974
80.2316
80.4848
78.7974
80.3045
78.0119
78.5819
80.6905
77.1188
80.1806
79.9233
80.089
79.9093
77.9096
79.8412
79.6485
80.5179
80.4569
71.4389
80.5235
80.0137
80.6916
80.5865
80.1123
80.6425
78.4107
80.5473
80.4627
76.7549
78.9016
80.3471
80.5397
77.8343
80.3644
79.9651
79.6365
79.5149
79.1439
78.8192
79.8569
80.2726
80.1862
79.5936
79.1569
80.543
80.4655
80.1595
80.2767
78.4007
79.4302
79.8699
80.5765
80.4017
79.0588
80.4222
80.1012
79.5041
78.8132
80.2512
80.7042
80.5229
80.4857
80.2923
80.563
80.1485
80.6841
79.0094
80.4168
79.8198
80.5711
80.2138
79.8645
79.0933
80.6625
80.3013
80.4503
79.8981
79.3719
78.4324
80.5454
79.4365
78.9286
79.7156
80.3679
78.3355
79.7626
80.1268
79.3388
80.3773
77.8418
80.5745
76.9637
80.4347
79.0424
80.6103
79.9559
79.6899
80.1721
80.6129
79.3808
80.2422
78.9452
80.4461
80.4426
77.7334
76.9239
79.8269
79.0952
79.7579
80.1536
78.4461
78.0791
78.4004
79.4936
78.6698
80.4539
78.3853
79.4419
79.954
80.492
73.8997
79.91
76.4965
78.1344
80.5629
80.1333
80.5279
78.3663
80.5665
80.6407
79.6327
75.9725
80.3285
79.0267
77.7789
80.0801
79.5868
80.1663
80.1187
79.157
79.6157
77.3117
80.0458
80.478
80.0142
80.7014
78.3613
79.9937
80.1164
79.7209
79.5324
80.6979
79.9457
80.091
79.9999
80.6812
80.0715
80.4138
79.7295
79.8273
80.701
80.4672
78.0376
79.8958
80.6204
78.9222
80.0977
78.4527
80.6984
80.5803
80.556
79.3749
78.3392
79.6814
80.4121
78.6166
79.5257
80.0918
80.5173
80.6738
80.2216
80.4285
78.71
80.4768
78.3409
79.7619
80.033
78.7966
77.7827
80.6863
80.3934
80.561
80.2517
80.1547
79.986
80.2392
80.7064
80.6939
78.3836
80.1392
80.4595
79.4173
80.5425
76.893
80.5883
78.7134
77.2696
79.1127
79.7435
80.4058
80.0317
79.3412
80.3919
79.2305
80.664
79.2934
78.6839
80.1557
79.1569
78.5535
79.3743
79.319
77.9746
77.598
79.9275
80.4131
80.2774
80.67
79.6151
80.4241
79.6726
79.5197
80.5362
80.2845
79.3221
80.7058
80.1279
80.666
80.6994
80.3777
79.8759
79.1303
79.7369
79.554
78.0789
80.4865
79.5377
80.5458
80.43
79.206
80.6305
80.6894
80.5199
80.6983
80.0962
78.6832
79.7183
80.587
79.6285
80.3428
80.6859
80.638
80.3607
79.3843
79.8027
80.495
76.6565
80.5185
80.0811
77.7011
80.2432
79.6788
80.4252
80.4841
77.8478
80.3318
80.1456
80.6451
79.5089
80.2894
80.4389
75.3083
80.4726
79.9084
80.5168
80.1449
80.1638
80.5764
79.1039
80.6192
80.3977
78.9381
80.6064
79.6636
80.5851
79.9714
79.7102
78.3178
76.5902
77.3378
80.0506
78.3055
78.5768
80.164
79.4722
80.3395
80.1619
79.0492
79.4914
80.4478
80.0187
79.731
80.4961
78.9933
80.5677
79.3198
80.6684
80.1911
79.5351
80.6442
80.4697
77.7814
80.2364
79.7105
80.3107
78.0556
79.1594
80.4838
80.3371
80.3364
79.134
79.3172
80.4987
77.0078
79.4665
80.4105
79.6206
79.5881
78.2
79.9272
76.7007
80.332
78.0969
75.1945
77.8819
79.8988
80.1092
80.3319
80.6738
80.1246
80.5566
79.2979
80.4783
80.4394
80.6095
79.4374
80.041
80.2153
80.0638
79.4033
79.6068
80.2422
80.3181
80.412
80.0522
74.8356
78.134
80.0414
80.5728
80.238
79.2935
77.201
80.6643
77.4934
80.1846
80.7002
79.4806
79.9657
78.4538
80.6752
79.1004
79.1605
79.6086
80.2191
80.4758
78.5211
80.5088
80.0096
80.6978
78.2534
80.248
80.0732
80.3388
80.2729
78.3995
80.4862
80.3086
80.6292
79.3968
79.94
77.5147
80.3232
80.2925
80.7002
79.9619
80.3046
80.5562
78.4004
80.2507
76.834
80.2643
80.6317
80.3225
80.3251
80.5235
78.6748
80.0278
80.2492
80.2345
77.2801
80.2625
79.1234
79.1067
77.6593
80.3446
80.6114
79.6756
79.9088
80.5058
80.6691
78.3836
79.9913
79.4835
80.3308
80.4044
80.5292
80.1825
78.2832
80.3854
80.5543
77.2614
79.9779
78.5827
79.4405
80.1324
80.5245
79.9865
79.5439
80.3651
80.6708
79.4554
79.5874
79.4571
78.5744
80.0271
80.4258
80.4323
80.447
80.0439
80.3266
80.6671
79.1418
80.4718
80.4752
80.5059
80.5581
78.1621
80.5435
79.5522
80.1481
80.5008
79.2962
79.8584
79.8095
79.7966
78.7567
80.0601
79.3523
80.0582
79.4987
80.539
80.1754
79.3839
79.2855
80.6764
80.4032
77.9645
79.9098
78.7155
80.6888
80.1873
79.1331
80.1036
78.6114
79.9331
80.3157
79.6502
80.4002
80.6409
77.0517
78.3123
79.6852
79.5439
80.3082
79.8531
80.6017
78.8303
79.4188
79.0512
80.2153
80.335
80.3997
80.6666
80.159
79.755
80.0858
78.8307
79.7892
80.421
80.3955
78.9489
80.5848
80.3739
79.9454
80.4076
80.4876
77.0601
79.7041
79.0568
79.9793
80.5408
79.3359
79.828
80.6885
79.4484
79.0522
80.587
79.7749
80.1196
79.5345
78.0809
80.6484
80.5756
79.9357
79.2335
80.4923
80.0555
80.1361
76.816
80.1924
80.008
80.359
80.6305
79.9548
79.0046
79.95
80.2179
78.2849
79.5948
78.1259
80.4417
80.4418
80.2976
80.3442
79.0526
79.4964
80.6013
80.6423
79.821
80.3993
79.296
79.2294
79.7887
77.538
80.7051
79.4022
77.3016
80.6773
80.1025
78.5798
79.4761
80.2966
79.8959
80.4652
80.6383
79.4962
79.3387
80.6308
80.3181
77.835
78.8545
78.1447
79.4601
80.5494
80.6115
80.2153
80.2581
80.0146
80.3332
77.3764
75.607
79.669
77.8105
80.4427
80.35
80.0676
80.4831
75.8703
79.2057
80.6695
78.8547
79.6632
80.0035
79.6582
79.2303
80.2967
77.1736
79.5929
80.527
79.1986
79.3796
80.3859
78.8763
77.4954
79.2816
80.5291
78.2251
80.6833
79.7346
80.4342
80.577
79.894
80.5213
80.6658
80.5816
79.8748
78.5603
80.5021
77.8572
79.3345
76.0146
