ip_logTarget_sub0 = zeros(5000,1);
ip_logTarget_sub0 = [17.3174
40.9151
42.0653
43.4182
43.4182
43.7945
53.2526
53.8598
53.8598
61.2566
60.3826
66.4151
67.6342
67.6724
67.8534
65.7406
73.9332
74.667
75.8195
75.9673
75.9863
74.9014
74.2037
75.9628
76.0044
75.8809
72.4983
74.4632
75.3286
74.4894
74.6284
75.9406
75.4113
75.709
73.2493
74.7159
75.1005
74.5488
74.8167
74.8548
75.6678
75.8441
74.8504
75.1534
74.5249
75.8334
75.8814
75.2807
76.0197
76.0443
75.3395
75.3463
75.708
76.0349
75.5524
71.9858
74.843
76.012
75.7241
75.5741
74.872
74.9182
75.6547
75.981
73.3004
74.5435
75.7357
76.0493
74.5145
73.4015
74.1366
75.5283
74.9653
75.1687
73.7484
75.0541
75.1325
74.383
75.0946
74.3806
75.5878
73.9333
75.5853
75.5403
74.185
75.2053
75.9087
74.7983
73.4885
74.7886
73.9374
75.3934
76.0086
75.5554
75.4649
76.0246
75.4563
73.8877
71.9611
75.0277
74.732
74.8077
73.2403
72.614
75.9388
75.2072
74.6173
76.0326
75.559
75.4901
75.9731
75.1658
75.5738
75.3575
75.316
75.084
75.4993
74.6831
75.8051
75.7083
75.1087
76.0355
74.9776
72.7813
74.8632
75.0547
75.9798
73.2509
75.5636
75.9285
75.6261
75.3889
74.3468
73.5779
73.3519
75.0493
75.9375
71.8001
75.0957
75.4645
73.6639
74.4896
72.8622
75.2985
75.1671
76.0505
74.933
74.6433
72.5672
71.6995
74.7813
74.0097
75.1899
75.0786
74.855
75.2387
75.47
76.018
74.1773
75.4751
74.6716
74.2277
74.108
75.0985
75.0495
73.992
75.3239
74.1483
75.939
75.241
75.8568
74.9644
75.2931
76.0233
74.8384
75.3196
74.1827
75.7389
74.1909
74.7975
75.718
75.1454
73.4228
73.0367
75.2079
75.3508
72.6042
75.2643
74.7199
74.2421
74.5363
74.4282
74.3262
74.3909
75.6793
73.3993
74.7701
74.2949
75.3936
75.7603
75.0763
75.646
75.8017
75.9839
73.8843
74.1672
72.4416
74.538
75.4214
75.2952
74.513
74.5623
75.5616
74.4837
75.076
75.8127
74.3992
72.6867
75.0878
74.3912
70.8267
75.9091
74.1221
74.9365
75.9443
75.3183
76.048
75.317
74.0087
75.1269
75.2771
75.6249
74.5816
75.8711
73.5739
75.8604
75.7804
75.4194
75.544
75.3419
74.7218
75.5727
75.7007
75.8599
75.957
75.8476
73.5049
75.9309
75.8774
73.093
74.8955
75.1966
75.7003
75.9185
75.1534
75.4081
72.8952
75.4615
75.6533
76.0514
75.8894
75.2229
73.6075
75.9635
75.9972
76.0495
75.8414
75.6077
75.9292
75.9231
74.8
75.5132
75.1914
75.7304
75.9786
75.7698
74.8514
75.6421
75.2643
74.8618
75.3659
75.8734
75.7694
72.3353
74.4677
75.9149
73.6171
75.7109
75.953
73.8125
75.7086
75.4417
72.4997
74.949
74.9814
75.0078
75.8901
76.0139
75.607
75.6386
75.839
75.3328
74.7938
74.2236
74.6706
75.7454
73.047
75.0169
74.3614
75.6735
72.8739
74.3295
74.5837
75.9857
74.6898
75.8559
75.661
74.8532
75.9535
71.4119
75.2218
75.9146
76.0443
74.3247
74.5896
75.5654
75.8908
75.6953
75.6007
75.1783
75.8077
74.819
74.0974
75.2637
75.6889
75.8489
75.9348
73.1988
75.1536
75.2899
76.0057
76.0167
75.7342
75.8643
75.963
75.9225
75.4202
75.0962
75.279
73.0053
74.1913
75.6641
75.2551
75.7981
74.4595
75.6311
73.8644
74.8343
74.3489
74.4295
75.9357
73.2951
75.4305
74.0468
74.989
74.0368
75.9448
75.579
75.8322
74.1448
75.6519
73.3593
73.9293
76.0379
72.4662
75.528
75.2707
75.4364
75.2567
73.257
75.1886
74.9959
75.8653
75.8043
66.7863
75.8709
75.3611
76.039
75.9339
75.4597
75.9899
73.7581
75.8947
75.8101
72.1023
74.249
75.6945
75.8871
73.1817
75.7117
75.3125
74.9839
74.8623
74.4912
74.1666
75.2043
75.62
75.5336
74.941
74.5043
75.8904
75.8129
75.5069
75.6241
73.7481
74.7776
75.2173
75.9239
75.7491
74.4062
75.7696
75.4486
74.8515
74.1606
75.5986
76.0516
75.8703
75.8331
75.6397
75.9104
75.4959
76.0315
74.3568
75.7642
75.1672
75.9185
75.5612
75.2119
74.4407
76.0099
75.6487
75.7977
75.2455
74.7193
73.7798
75.8928
74.7839
74.276
75.063
75.7153
73.6829
75.11
75.4742
74.6862
75.7247
73.1892
75.9218
72.3111
75.7821
74.3897
75.9577
75.3033
75.0373
75.5195
75.9603
74.7282
75.5896
74.2926
75.7935
75.79
73.0808
72.2713
75.1743
74.4426
75.1052
75.501
73.7935
73.4265
73.7478
74.841
74.0172
75.8013
73.7327
74.7893
75.3014
75.8394
69.2471
75.2574
71.8439
73.4817
75.9103
75.4807
75.8753
73.7137
75.9139
75.9881
74.9801
71.3199
75.6759
74.3741
73.1263
75.4275
74.9342
75.5137
75.4661
74.5044
74.9631
72.6591
75.3932
75.8254
75.3616
76.0488
73.7087
75.3411
75.4638
75.0683
74.8798
76.0453
75.2931
75.4384
75.3473
76.0286
75.4189
75.7612
75.0769
75.1747
76.0484
75.8146
73.385
75.2432
75.9678
74.2696
75.4451
73.8001
76.0458
75.9277
75.9034
74.7223
73.6866
75.0288
75.7595
73.964
74.8731
75.4392
75.8647
76.0212
75.569
75.7759
74.0574
75.8242
73.6883
75.1093
75.3804
74.144
73.1301
76.0337
75.7408
75.9084
75.5991
75.5021
75.3334
75.5866
76.0538
76.0413
73.731
75.4866
75.8069
74.7647
75.8899
72.2404
75.9357
74.0608
72.617
74.4601
75.0909
75.7532
75.3791
74.6886
75.7393
74.5779
76.0114
74.6408
74.0313
75.5031
74.5043
73.9009
74.7217
74.6664
73.322
72.9454
75.2749
75.7605
75.6248
76.0174
74.9625
75.7715
75.02
74.8671
75.8836
75.6319
74.6695
76.0532
75.4753
76.0134
76.0468
75.7251
75.2233
74.4777
75.0843
74.9014
73.4263
75.8339
74.8851
75.8932
75.7774
74.5534
75.9779
76.0368
75.8673
76.0457
75.4436
74.0306
75.0657
75.9344
74.9759
75.6902
76.0333
75.9854
75.7081
74.7317
75.1501
75.8424
72.0039
75.8659
75.4285
73.0485
75.5906
75.0262
75.7726
75.8315
73.1952
75.6792
75.493
75.9925
74.8563
75.6368
75.7863
70.6557
75.82
75.2558
75.8642
75.4923
75.5112
75.9238
74.4513
75.9666
75.7451
74.2855
75.9538
75.011
75.9325
75.3188
75.0576
73.6652
71.9376
72.6852
75.398
73.6529
73.9242
75.5114
74.8196
75.6869
75.5093
74.3966
74.8388
75.7952
75.3661
75.0784
75.8435
74.3407
75.9151
74.6672
76.0158
75.5384
74.8825
75.9916
75.8171
73.1288
75.5838
75.0579
75.6581
73.403
74.5068
75.8312
75.6845
75.6838
74.4814
74.6646
75.8461
72.3552
74.8139
75.7579
74.968
74.9355
73.5474
75.2746
72.0481
75.6794
73.4443
70.5419
73.2293
75.2462
75.4566
75.6793
76.0212
75.472
75.904
74.6453
75.8257
75.7868
75.9569
74.7848
75.3884
75.5627
75.4112
74.7507
74.9542
75.5896
75.6655
75.7594
75.3996
70.1829
73.4814
75.3888
75.9202
75.5854
74.6409
72.5484
76.0117
72.8408
75.532
76.0476
74.828
75.3131
73.8012
76.0226
74.4478
74.5079
74.956
75.5665
75.8232
73.8685
75.8562
75.357
76.0452
73.6008
75.5954
75.4206
75.6862
75.6203
73.7469
75.8336
75.656
75.9766
74.7442
75.2874
72.8621
75.6706
75.6399
76.0476
75.3093
75.652
75.9036
73.7478
75.5981
72.1814
75.6117
75.9791
75.6699
75.6725
75.8709
74.0221
75.3752
75.5966
75.5819
72.6275
75.6099
74.4708
74.4541
73.0067
75.692
75.9588
75.0229
75.2562
75.8532
76.0165
73.731
75.3387
74.8309
75.6782
75.7518
75.8766
75.5299
73.6306
75.7328
75.9017
72.6088
75.3253
73.9301
74.7879
75.4798
75.8719
75.3339
74.8913
75.7125
76.0182
74.8028
74.9348
74.8045
73.9218
75.3744
75.7732
75.7797
75.7943
75.3913
75.674
76.0145
74.4892
75.8192
75.8226
75.8533
75.9055
73.5095
75.8909
74.8995
75.4955
75.8482
74.6436
75.2058
75.1569
75.144
74.1041
75.4075
74.6997
75.4056
74.8461
75.8864
75.5228
74.7313
74.6329
76.0238
75.7506
73.3119
75.2572
74.0629
76.0361
75.5347
74.4805
75.451
73.9588
75.2805
75.6631
74.9976
75.7476
75.9883
72.3991
73.6597
75.0326
74.8913
75.6556
75.2005
75.9491
74.1777
74.7662
74.3986
75.5627
75.6824
75.7471
76.014
75.5064
75.1024
75.4332
74.1781
75.1366
75.7684
75.7429
74.2963
75.9322
75.7213
75.2928
75.7549
75.835
72.4075
75.0515
74.4042
75.3267
75.8881
74.6833
75.1754
76.0359
74.7958
74.3996
75.9344
75.1223
75.467
74.8819
73.4283
75.9958
75.923
75.2831
74.5809
75.8397
75.4029
75.4835
72.1634
75.5398
75.3554
75.7064
75.9779
75.3022
74.352
75.2973
75.5653
73.6323
74.9422
73.4733
75.7891
75.7892
75.645
75.6916
74.4
74.8438
75.9487
75.9897
75.1684
75.7467
74.6434
74.5768
75.1361
72.8854
76.0525
74.7496
72.649
76.0247
75.4499
73.9272
74.8235
75.644
75.2433
75.8126
75.9857
74.8436
74.6861
75.9782
75.6655
73.1823
74.2019
73.4921
74.8075
75.8968
75.9589
75.5627
75.6055
75.362
75.6806
72.7238
70.9544
75.0164
73.1579
75.7901
75.6974
75.415
75.8305
71.2177
74.5531
76.0169
74.2021
75.0106
75.3509
75.0056
74.5777
75.6441
72.521
74.9403
75.8744
74.546
74.727
75.7333
74.2237
72.8428
74.629
75.8765
73.5725
76.0307
75.082
75.7816
75.9244
75.2414
75.8687
76.0132
75.929
75.2222
73.9077
75.8495
73.2046
74.6819
