ip_logLike_sub0 = zeros(63,1);
ip_logLike_sub0 = [-0.800142
-0.5
-0.5
-0.5
-0.5
-0.5
-0.5
-0.5
-0.5
-0.5
-0.5
-0.5
-0.5
-0.5
-0.5
-0.5
-0.5
-0.5
-0.5
-0.5
-0.5
-0.5
-0.5
-0.5
-0.5
-0.5
-0.5
-0.5
-0.5
-0.5
-0.5
-0.5
-0.5
-0.5
-0.5
-0.5
-0.5
-0.5
-0.5
-0.5
-0.5
-0.5
-0.5
-0.5
-0.5
-0.5
-0.5
-0.5
-0.5
-0.5
-0.5
-0.5
-0.5
-0.5
-0.5
-0.5
-0.5
-0.5
-0.5
-0.5
-0.5
-0.5
-0.5
];
ip_logLike_sub0 = zeros(63,1);
ip_logLike_sub0 = [-0.754637
-1.34803
-0.835894
-2.88095
-0.700119
0.0525047
-3.73593
-0.777387
-1.97217
-0.643921
-2.54146
-1.27
-0.605085
-0.662113
-0.176285
-1.34966
-0.692414
-3.53482
-1.15767
-0.565126
-1.69169
-0.945863
-0.845918
-0.473008
-0.812804
-1.34884
-0.340564
-0.706093
-1.67935
-0.962172
-0.694206
-1.17754
-0.664358
-0.384406
-1.16185
-0.753847
-0.526963
-0.521609
-0.58982
-0.135451
-1.37739
-0.456754
-1.2051
-0.703685
-1.36092
-1.92089
-1.8451
-0.801022
-0.475723
-1.23199
-1.41624
-0.932192
-1.06664
-0.513994
-1.01832
-0.703844
-1.13884
-0.803821
-0.675025
-0.846075
-1.17493
-0.664909
-2.07419
];
ip_logLike_sub0 = zeros(63,1);
ip_logLike_sub0 = [0.377318
57.1124
170.656
5e+36
5e+36
5e+36
5e+36
5e+36
5e+36
5e+36
5e+36
5e+36
5e+36
5e+36
5e+36
5e+36
5e+36
5e+36
5e+36
5e+36
5e+36
5e+36
5e+36
5e+36
5e+36
5e+36
5e+36
5e+36
5e+36
5e+36
5e+36
5e+36
5e+36
5e+36
5e+36
5e+36
5e+36
5e+36
5e+36
5e+36
5e+36
5e+36
5e+36
5e+36
5e+36
5e+36
5e+36
5e+36
5e+36
5e+36
5e+36
5e+36
5e+36
5e+36
5e+36
5e+36
5e+36
5e+36
5e+36
5e+36
5e+36
5e+36
5e+36
];
ip_logLike_sub0 = zeros(63,1);
ip_logLike_sub0 = [9.07141
5e+36
5e+36
5e+36
5e+36
5e+36
5e+36
5e+36
5e+36
5e+36
5e+36
5e+36
5e+36
5e+36
5e+36
5e+36
5e+36
5e+36
5e+36
5e+36
5e+36
5e+36
5e+36
5e+36
5e+36
5e+36
5e+36
5e+36
5e+36
5e+36
5e+36
5e+36
5e+36
5e+36
5e+36
5e+36
5e+36
5e+36
5e+36
5e+36
5e+36
5e+36
5e+36
5e+36
5e+36
5e+36
5e+36
5e+36
5e+36
5e+36
5e+36
5e+36
5e+36
5e+36
5e+36
5e+36
5e+36
5e+36
5e+36
5e+36
5e+36
5e+36
5e+36
];
ip_logLike_sub0 = zeros(63,1);
ip_logLike_sub0 = [9.07141
8.98847e+307
8.98847e+307
8.98847e+307
8.98847e+307
8.98847e+307
8.98847e+307
8.98847e+307
8.98847e+307
8.98847e+307
8.98847e+307
8.98847e+307
8.98847e+307
8.98847e+307
8.98847e+307
8.98847e+307
8.98847e+307
8.98847e+307
8.98847e+307
8.98847e+307
8.98847e+307
8.98847e+307
8.98847e+307
8.98847e+307
8.98847e+307
8.98847e+307
8.98847e+307
8.98847e+307
8.98847e+307
8.98847e+307
8.98847e+307
8.98847e+307
8.98847e+307
8.98847e+307
8.98847e+307
8.98847e+307
8.98847e+307
8.98847e+307
8.98847e+307
8.98847e+307
8.98847e+307
8.98847e+307
8.98847e+307
8.98847e+307
8.98847e+307
8.98847e+307
8.98847e+307
8.98847e+307
8.98847e+307
8.98847e+307
8.98847e+307
8.98847e+307
8.98847e+307
8.98847e+307
8.98847e+307
8.98847e+307
8.98847e+307
8.98847e+307
8.98847e+307
8.98847e+307
8.98847e+307
8.98847e+307
8.98847e+307
];
ip_logLike_sub0 = zeros(2000,1);
ip_logLike_sub0 = [9.07141
8.98847e+307
8.98847e+307
8.98847e+307
8.98847e+307
8.98847e+307
8.98847e+307
8.98847e+307
8.98847e+307
8.98847e+307
8.98847e+307
8.98847e+307
8.98847e+307
8.98847e+307
8.98847e+307
8.98847e+307
8.98847e+307
8.98847e+307
8.98847e+307
8.98847e+307
8.98847e+307
8.98847e+307
8.98847e+307
8.98847e+307
8.98847e+307
8.98847e+307
8.98847e+307
8.98847e+307
8.98847e+307
8.98847e+307
8.98847e+307
8.98847e+307
8.98847e+307
8.98847e+307
8.98847e+307
8.98847e+307
8.98847e+307
8.98847e+307
8.98847e+307
8.98847e+307
8.98847e+307
8.98847e+307
8.98847e+307
8.98847e+307
8.98847e+307
8.98847e+307
8.98847e+307
8.98847e+307
8.98847e+307
8.98847e+307
8.98847e+307
8.98847e+307
8.98847e+307
8.98847e+307
8.98847e+307
8.98847e+307
8.98847e+307
8.98847e+307
8.98847e+307
8.98847e+307
8.98847e+307
8.98847e+307
8.98847e+307
8.98847e+307
8.98847e+307
8.98847e+307
8.98847e+307
8.98847e+307
8.98847e+307
8.98847e+307
8.98847e+307
8.98847e+307
8.98847e+307
8.98847e+307
8.98847e+307
8.98847e+307
8.98847e+307
8.98847e+307
8.98847e+307
8.98847e+307
8.98847e+307
8.98847e+307
8.98847e+307
8.98847e+307
8.98847e+307
8.98847e+307
8.98847e+307
8.98847e+307
8.98847e+307
8.98847e+307
8.98847e+307
8.98847e+307
8.98847e+307
8.98847e+307
8.98847e+307
8.98847e+307
8.98847e+307
8.98847e+307
8.98847e+307
8.98847e+307
8.98847e+307
8.98847e+307
8.98847e+307
8.98847e+307
8.98847e+307
8.98847e+307
8.98847e+307
8.98847e+307
8.98847e+307
8.98847e+307
8.98847e+307
8.98847e+307
8.98847e+307
8.98847e+307
8.98847e+307
8.98847e+307
8.98847e+307
8.98847e+307
8.98847e+307
8.98847e+307
8.98847e+307
8.98847e+307
8.98847e+307
8.98847e+307
8.98847e+307
8.98847e+307
8.98847e+307
8.98847e+307
8.98847e+307
8.98847e+307
8.98847e+307
8.98847e+307
8.98847e+307
8.98847e+307
8.98847e+307
8.98847e+307
8.98847e+307
8.98847e+307
8.98847e+307
8.98847e+307
8.98847e+307
8.98847e+307
8.98847e+307
8.98847e+307
8.98847e+307
8.98847e+307
8.98847e+307
8.98847e+307
8.98847e+307
8.98847e+307
8.98847e+307
8.98847e+307
8.98847e+307
8.98847e+307
8.98847e+307
8.98847e+307
8.98847e+307
8.98847e+307
8.98847e+307
8.98847e+307
8.98847e+307
8.98847e+307
8.98847e+307
8.98847e+307
8.98847e+307
8.98847e+307
8.98847e+307
8.98847e+307
8.98847e+307
8.98847e+307
8.98847e+307
8.98847e+307
8.98847e+307
8.98847e+307
8.98847e+307
8.98847e+307
8.98847e+307
8.98847e+307
8.98847e+307
8.98847e+307
8.98847e+307
8.98847e+307
8.98847e+307
8.98847e+307
8.98847e+307
8.98847e+307
8.98847e+307
8.98847e+307
8.98847e+307
8.98847e+307
8.98847e+307
8.98847e+307
8.98847e+307
8.98847e+307
8.98847e+307
8.98847e+307
8.98847e+307
8.98847e+307
8.98847e+307
8.98847e+307
8.98847e+307
8.98847e+307
8.98847e+307
8.98847e+307
8.98847e+307
8.98847e+307
8.98847e+307
8.98847e+307
8.98847e+307
8.98847e+307
8.98847e+307
8.98847e+307
8.98847e+307
8.98847e+307
8.98847e+307
8.98847e+307
8.98847e+307
8.98847e+307
8.98847e+307
8.98847e+307
8.98847e+307
8.98847e+307
8.98847e+307
8.98847e+307
8.98847e+307
8.98847e+307
8.98847e+307
8.98847e+307
8.98847e+307
8.98847e+307
8.98847e+307
8.98847e+307
8.98847e+307
8.98847e+307
8.98847e+307
8.98847e+307
8.98847e+307
8.98847e+307
8.98847e+307
8.98847e+307
8.98847e+307
8.98847e+307
8.98847e+307
8.98847e+307
8.98847e+307
8.98847e+307
8.98847e+307
8.98847e+307
8.98847e+307
8.98847e+307
8.98847e+307
8.98847e+307
8.98847e+307
8.98847e+307
8.98847e+307
8.98847e+307
8.98847e+307
8.98847e+307
8.98847e+307
8.98847e+307
8.98847e+307
8.98847e+307
8.98847e+307
8.98847e+307
8.98847e+307
8.98847e+307
8.98847e+307
8.98847e+307
8.98847e+307
8.98847e+307
8.98847e+307
8.98847e+307
8.98847e+307
8.98847e+307
8.98847e+307
8.98847e+307
8.98847e+307
8.98847e+307
8.98847e+307
8.98847e+307
8.98847e+307
8.98847e+307
8.98847e+307
8.98847e+307
8.98847e+307
8.98847e+307
8.98847e+307
8.98847e+307
8.98847e+307
8.98847e+307
8.98847e+307
8.98847e+307
8.98847e+307
8.98847e+307
8.98847e+307
8.98847e+307
8.98847e+307
8.98847e+307
8.98847e+307
8.98847e+307
8.98847e+307
8.98847e+307
8.98847e+307
8.98847e+307
8.98847e+307
8.98847e+307
8.98847e+307
8.98847e+307
8.98847e+307
8.98847e+307
8.98847e+307
8.98847e+307
8.98847e+307
8.98847e+307
8.98847e+307
8.98847e+307
8.98847e+307
8.98847e+307
8.98847e+307
8.98847e+307
8.98847e+307
8.98847e+307
8.98847e+307
8.98847e+307
8.98847e+307
8.98847e+307
8.98847e+307
8.98847e+307
8.98847e+307
8.98847e+307
8.98847e+307
8.98847e+307
8.98847e+307
8.98847e+307
8.98847e+307
8.98847e+307
8.98847e+307
8.98847e+307
8.98847e+307
8.98847e+307
8.98847e+307
8.98847e+307
8.98847e+307
8.98847e+307
8.98847e+307
8.98847e+307
8.98847e+307
8.98847e+307
8.98847e+307
8.98847e+307
8.98847e+307
8.98847e+307
8.98847e+307
8.98847e+307
8.98847e+307
8.98847e+307
8.98847e+307
8.98847e+307
8.98847e+307
8.98847e+307
8.98847e+307
8.98847e+307
8.98847e+307
8.98847e+307
8.98847e+307
8.98847e+307
8.98847e+307
8.98847e+307
8.98847e+307
8.98847e+307
8.98847e+307
8.98847e+307
8.98847e+307
8.98847e+307
8.98847e+307
8.98847e+307
8.98847e+307
8.98847e+307
8.98847e+307
8.98847e+307
8.98847e+307
8.98847e+307
8.98847e+307
8.98847e+307
8.98847e+307
8.98847e+307
8.98847e+307
8.98847e+307
8.98847e+307
8.98847e+307
8.98847e+307
8.98847e+307
8.98847e+307
8.98847e+307
8.98847e+307
8.98847e+307
8.98847e+307
8.98847e+307
8.98847e+307
